1 753388.630 1039526.420 362.730
2 753316.420 1039550.260 362.640
3 753272.340 1039638.710 364.420
4 753276.120 1039634.110 364.550
5 753277.000 1039634.310 364.600
6 753278.330 1039633.250 364.690
7 753264.310 1039631.360 364.000
8 753260.700 1039634.650 364.150
9 753254.300 1039623.690 363.960
10 753259.680 1039621.710 363.800
11 753259.340 1039620.100 363.770
12 753259.500 1039616.290 363.720
13 753255.160 1039614.710 363.840
14 753257.180 1039610.640 363.760
15 753261.180 1039612.030 363.660
16 753266.040 1039607.520 363.530
17 753263.880 1039604.030 363.610
18 753266.450 1039608.030 363.510
19 753266.860 1039615.970 363.630
20 753271.620 1039622.170 363.720
21 753279.280 1039624.150 363.690
22 753288.090 1039619.770 363.500
23 753283.590 1039614.470 363.460
24 753279.680 1039615.930 363.520
25 753275.690 1039612.910 363.500
26 753277.690 1039605.950 363.340
27 753285.180 1039598.240 363.120
28 753281.800 1039595.690 363.060
29 753278.130 1039591.140 363.200
30 753285.340 1039605.490 363.260
31 753292.870 1039600.130 363.070
32 753296.430 1039602.700 363.090
33 753301.320 1039607.740 363.180
34 753309.220 1039600.470 362.980
35 753304.720 1039595.080 362.910
36 753305.890 1039588.460 362.750
37 753304.270 1039588.680 362.790
38 753296.550 1039587.800 362.800
39 753293.270 1039585.250 362.750
40 753289.170 1039580.930 362.870
41 753283.080 1039586.590 363.060
42 753287.210 1039590.520 362.910
43 753299.810 1039571.160 362.590
44 753303.840 1039575.760 362.600
45 753305.570 1039579.390 362.640
46 753311.370 1039583.310 362.660
47 753314.520 1039585.950 362.690
48 753319.770 1039590.720 362.700
49 753329.350 1039581.720 362.660
50 753324.670 1039576.520 362.620
51 753320.510 1039572.050 362.570
52 753317.350 1039568.320 362.550
53 753314.140 1039564.850 362.520
54 753310.660 1039561.060 362.530
55 753318.830 1039553.380 362.500
56 753322.930 1039557.030 362.500
57 753325.730 1039560.400 362.530
58 753327.930 1039565.170 362.560
59 753329.450 1039565.090 362.550
60 753333.150 1039568.530 362.590
61 753337.710 1039573.800 362.630
62 753347.160 1039564.810 362.590
63 753342.430 1039559.760 362.560
64 753338.110 1039555.930 362.500
65 753334.040 1039552.510 362.490
66 753329.530 1039549.490 362.470
67 753324.930 1039547.770 362.460
68 753333.600 1039540.050 362.420
69 753337.980 1039536.690 362.390
70 753345.060 1039542.070 362.450
71 753347.840 1039545.780 362.490
72 753349.440 1039546.210 362.490
73 753352.600 1039550.160 362.540
74 753357.230 1039555.290 362.600
75 753370.240 1039543.120 362.590
76 753365.080 1039538.470 362.500
77 753360.880 1039534.540 362.430
78 753357.130 1039530.870 362.370
79 753350.750 1039523.340 362.290
80 753348.520 1039524.290 362.320
81 753347.070 1039524.340 362.310
82 753346.880 1039525.110 362.300
83 753344.740 1039529.760 362.300
84 753362.440 1039512.430 362.210
85 753368.210 1039520.600 362.350
86 753371.470 1039523.620 362.430
87 753373.120 1039523.160 362.430
88 753376.630 1039521.320 362.410
89 753375.390 1039528.850 362.510
90 753380.210 1039534.020 362.580
91 753377.010 1039527.370 362.530
92 753379.080 1039525.450 362.520
93 753383.200 1039521.570 362.520
94 753385.360 1039519.500 362.500
95 753389.000 1039516.240 362.480
96 753389.700 1039500.940 362.350
97 753385.390 1039505.000 362.300
98 753376.230 1039513.220 362.330
99 753379.470 1039516.260 362.400
100 753383.030 1039514.600 362.400
101 753385.710 1039511.350 362.380
102 753389.310 1039508.530 362.400
103 753388.480 1039526.370 362.610
104 753381.820 1039499.990 362.190
105 753377.030 1039499.420 362.150
106 753370.860 1039505.070 362.160
107 753365.250 1039510.240 362.170
108 753357.100 1039517.760 362.240
109 753353.430 1039521.080 362.270
110 753345.620 1039528.800 362.270
111 753340.680 1039530.650 362.360
112 753333.070 1039540.750 362.410
113 753328.490 1039544.890 362.400
114 753325.250 1039542.470 362.450
115 753324.910 1039538.150 362.490
116 753322.290 1039550.640 362.440
117 753313.980 1039552.240 362.530
118 753315.270 1039557.120 362.460
119 753302.140 1039569.420 362.520
120 753300.420 1039573.090 362.600
121 753306.090 1039573.600 362.540
122 753295.190 1039583.470 362.670
123 753285.990 1039591.830 362.920
124 753283.300 1039588.750 363.030
125 753274.840 1039601.920 363.250
126 753311.310 1039554.170 362.610
127 753316.370 1039550.050 362.520
128 753322.430 1039544.420 362.470
129 753325.150 1039537.480 362.520
130 753327.980 1039534.610 362.560
131 753320.930 1039533.170 362.570
132 753324.270 1039530.620 362.640
133 753316.210 1039537.100 362.610
134 753312.920 1039540.210 362.660
135 753307.440 1039544.910 362.770
136 753301.530 1039549.910 362.890
137 753306.170 1039554.750 362.760
138 753309.500 1039551.980 362.680
139 753295.000 1039542.690 363.070
140 753300.480 1039538.360 362.920
141 753306.040 1039533.220 362.800
142 753310.600 1039529.300 362.710
143 753306.130 1039518.280 362.510
144 753302.190 1039521.870 362.560
145 753295.620 1039528.350 362.710
146 753291.150 1039532.180 362.820
147 753287.950 1039534.960 362.880
148 753282.520 1039529.000 362.740
149 753290.090 1039522.340 362.600
150 753297.080 1039515.770 362.420
151 753300.100 1039511.600 362.340
152 753303.790 1039508.440 362.410
153 753297.520 1039501.380 362.240
154 753294.520 1039503.960 362.180
155 753290.690 1039501.560 362.110
156 753284.260 1039507.070 362.220
157 753290.390 1039515.310 362.400
158 753275.920 1039514.970 362.420
159 753278.560 1039518.230 362.490
160 753275.680 1039521.150 362.570
161 753299.180 1039514.270 362.370
162 753300.910 1039512.690 362.350
163 753393.210 1039494.970 362.260
164 753390.450 1039492.030 362.160
165 753411.700 1039479.850 362.070
166 753404.710 1039484.360 362.150
167 753406.130 1039473.320 362.050
168 753406.440 1039473.010 362.030
169 753405.940 1039472.420 362.030
170 753405.480 1039471.780 362.030
171 753404.940 1039472.120 362.050
172 753402.350 1039469.370 362.060
173 753402.720 1039469.030 362.060
174 753400.080 1039465.690 362.020
175 753399.380 1039466.200 362.040
176 753398.290 1039465.160 362.030
177 753399.690 1039470.470 362.090
178 753398.180 1039473.410 362.110
179 753400.240 1039477.790 362.110
180 753391.500 1039479.570 362.090
181 753394.580 1039482.980 362.080
182 753394.430 1039482.890 362.080
183 753393.580 1039483.740 362.060
184 753394.390 1039484.580 362.060
185 753395.690 1039486.560 362.140
186 753395.020 1039486.480 362.120
187 753388.930 1039487.680 362.080
188 753388.900 1039488.150 362.060
189 753388.800 1039488.570 362.080
190 753382.680 1039494.220 362.100
191 753378.030 1039498.170 362.130
192 753381.550 1039498.820 362.180
193 753334.510 1039538.120 362.420
194 753334.590 1039533.090 362.430
195 753333.720 1039530.030 362.450
196 753332.060 1039527.670 362.470
197 753333.770 1039523.120 362.420
198 753324.510 1039513.060 362.530
199 753321.320 1039515.970 362.620
200 753311.140 1039498.460 362.590
201 753308.960 1039502.410 362.680
202 753305.050 1039496.300 362.610
203 753301.920 1039488.840 362.440
204 753302.190 1039488.670 362.450
205 753388.630 1039526.420 362.730
206 753316.420 1039550.260 362.640
1141 753316.720 1039523.440 362.730
1142 753309.950 1039514.740 362.570