1	753388,63	1039526,42	362,73	živice		
2	753316,42	1039550,26	362,64	živice		
3	753272,34	1039638,71	364,42	živice		
4	753276,12	1039634,11	364,55	živice		
5	753277,00	1039634,31	364,60	vpust		
6	753278,33	1039633,25	364,69	živice		
7	753264,31	1039631,36	364,00	živice		
8	753260,70	1039634,65	364,15	živice
9	753254,30	1039623,69	363,96	živice
10	753259,68	1039621,71	363,80	živice
11	753259,34	1039620,10	363,77	živice
12	753259,50	1039616,29	363,72	živice
13	753255,16	1039614,71	363,84	živice
14	753257,18	1039610,64	363,76	živice
15	753261,18	1039612,03	363,66	živice
16	753266,04	1039607,52	363,53	živice
17	753263,88	1039604,03	363,61	živice
18	753266,45	1039608,03	363,51	živice
19	753266,86	1039615,97	363,63	živice
20	753271,62	1039622,17	363,72	živice
21	753279,28	1039624,15	363,69	živice
22	753288,09	1039619,77	363,50	živice
23	753283,59	1039614,47	363,46	živice
24	753279,68	1039615,93	363,52	živice
25	753275,69	1039612,91	363,50	živice
26	753277,69	1039605,95	363,34	živice
27	753285,18	1039598,24	363,12	živice
28	753281,80	1039595,69	363,06	živice
29	753278,13	1039591,14	363,20	živice
30	753285,34	1039605,49	363,26	živice
31	753292,87	1039600,13	363,07	živice
32	753296,43	1039602,70	363,09	živice
33	753301,32	1039607,74	363,18	živice
34	753309,22	1039600,47	362,98	živice
35	753304,72	1039595,08	362,91	živice
36	753305,89	1039588,46	362,75	živice
37	753304,27	1039588,68	362,79	živice
38	753296,55	1039587,80	362,80	živice
39	753293,27	1039585,25	362,75	živice
40	753289,17	1039580,93	362,87	živice
41	753283,08	1039586,59	363,06	živice
42	753287,21	1039590,52	362,91	živice
43	753299,81	1039571,16	362,59	živice
44	753303,84	1039575,76	362,60	živice
45	753305,57	1039579,39	362,64	živice
46	753311,37	1039583,31	362,66	živice
47	753314,52	1039585,95	362,69	živice
48	753319,77	1039590,72	362,70	živice
49	753329,35	1039581,72	362,66	živice
50	753324,67	1039576,52	362,62	živice
51	753320,51	1039572,05	362,57	živice
52	753317,35	1039568,32	362,55	živice
53	753314,14	1039564,85	362,52	živice
54	753310,66	1039561,06	362,53	živice
55	753318,83	1039553,38	362,50	živice
56	753322,93	1039557,03	362,50	živice
57	753325,73	1039560,40	362,53	živice
58	753327,93	1039565,17	362,56	živice
59	753329,45	1039565,09	362,55	živice
60	753333,15	1039568,53	362,59	živice
61	753337,71	1039573,80	362,63	živice
62	753347,16	1039564,81	362,59	živice
63	753342,43	1039559,76	362,56	živice
64	753338,11	1039555,93	362,50	živice
65	753334,04	1039552,51	362,49	živice
66	753329,53	1039549,49	362,47	živice
67	753324,93	1039547,77	362,46	živice
68	753333,60	1039540,05	362,42	živice
69	753337,98	1039536,69	362,39	vpust
70	753345,06	1039542,07	362,45	živice
71	753347,84	1039545,78	362,49	živice
72	753349,44	1039546,21	362,49	živice
73	753352,60	1039550,16	362,54	živice
74	753357,23	1039555,29	362,60	živice
75	753370,24	1039543,12	362,59	živice
76	753365,08	1039538,47	362,50	živice
77	753360,88	1039534,54	362,43	živice
78	753357,13	1039530,87	362,37	živice
79	753350,75	1039523,34	362,29	živice
80	753348,52	1039524,29	362,32	živice
81	753347,07	1039524,34	362,31	živice
82	753346,88	1039525,11	362,30	živice
83	753344,74	1039529,76	362,30	živice
84	753362,44	1039512,43	362,21	živice
85	753368,21	1039520,60	362,35	živice
86	753371,47	1039523,62	362,43	živice
87	753373,12	1039523,16	362,43	živice
88	753376,63	1039521,32	362,41	živice
89	753375,39	1039528,85	362,51	živice
90	753380,21	1039534,02	362,58	živice
91	753377,01	1039527,37	362,53	živice
92	753379,08	1039525,45	362,52	živice
93	753383,20	1039521,57	362,52	živice
94	753385,36	1039519,50	362,50	živice
95	753389,00	1039516,24	362,48	živice
96	753389,70	1039500,94	362,35	živice
97	753385,39	1039505,00	362,30	živice
98	753376,23	1039513,22	362,33	živice
99	753379,47	1039516,26	362,40	živice
100	753383,03	1039514,60	362,40	živice
101	753385,71	1039511,35	362,38	živice
102	753389,31	1039508,53	362,40	živice
103	753388,48	1039526,37	362,61	živice
104	753381,82	1039499,99	362,19	živice
105	753377,03	1039499,42	362,15	vpust
106	753370,86	1039505,07	362,16	vpust
107	753365,25	1039510,24	362,17	vpust
108	753357,10	1039517,76	362,24	vpust
109	753353,43	1039521,08	362,27	vpust
110	753345,62	1039528,80	362,27	vpust
111	753340,68	1039530,65	362,36	živice
112	753333,07	1039540,75	362,41	vpust
113	753328,49	1039544,89	362,40	vpust
114	753325,25	1039542,47	362,45	vpust
115	753324,91	1039538,15	362,49	živice
116	753322,29	1039550,64	362,44	vpust
117	753313,98	1039552,24	362,53	vpust
118	753315,27	1039557,12	362,46	vpust
119	753302,14	1039569,42	362,52	vpust
120	753300,42	1039573,09	362,60	vpust
121	753306,09	1039573,60	362,54	vpust
122	753295,19	1039583,47	362,67	vpust
123	753285,99	1039591,83	362,92	vpust
124	753283,30	1039588,75	363,03	vpust
125	753274,84	1039601,92	363,25	vpust
126	753311,31	1039554,17	362,61	živice
127	753316,37	1039550,05	362,52	živice
128	753322,43	1039544,42	362,47	živice
129	753325,15	1039537,48	362,52	živice
130	753327,98	1039534,61	362,56	živice
131	753320,93	1039533,17	362,57	živice
132	753324,27	1039530,62	362,64	živice
133	753316,21	1039537,10	362,61	živice
134	753312,92	1039540,21	362,66	živice
135	753307,44	1039544,91	362,77	živice
136	753301,53	1039549,91	362,89	živice
137	753306,17	1039554,75	362,76	živice
138	753309,50	1039551,98	362,68	živice
139	753295,00	1039542,69	363,07	živice
140	753300,48	1039538,36	362,92	živice
141	753306,04	1039533,22	362,80	živice
142	753310,60	1039529,30	362,71	živice
143	753306,13	1039518,28	362,51	živice
144	753302,19	1039521,87	362,56	živice
145	753295,62	1039528,35	362,71	živice
146	753291,15	1039532,18	362,82	živice
147	753287,95	1039534,96	362,88	živice
148	753282,52	1039529,00	362,74	živice
149	753290,09	1039522,34	362,60	živice
150	753297,08	1039515,77	362,42	živice
151	753300,10	1039511,60	362,34	vpust
152	753303,79	1039508,44	362,41	živice
153	753297,52	1039501,38	362,24	živice
154	753294,52	1039503,96	362,18	živice
155	753290,69	1039501,56	362,11	vpust
156	753284,26	1039507,07	362,22	živice
157	753290,39	1039515,31	362,40	živice
158	753275,92	1039514,97	362,42	živice
159	753278,56	1039518,23	362,49	živice
160	753275,68	1039521,15	362,57	živice
161	753299,18	1039514,27	362,37	šachta
162	753300,91	1039512,69	362,35	vpust
163	753393,21	1039494,97	362,26	živice
164	753390,45	1039492,03	362,16	živice
165	753411,70	1039479,85	362,07	živice
166	753404,71	1039484,36	362,15	živice
167	753406,13	1039473,32	362,05	živice
168	753406,44	1039473,01	362,03	živice
169	753405,94	1039472,42	362,03	živice
170	753405,48	1039471,78	362,03	živice
171	753404,94	1039472,12	362,05	živice
172	753402,35	1039469,37	362,06	živice
173	753402,72	1039469,03	362,06	živice
174	753400,08	1039465,69	362,02	živice
175	753399,38	1039466,20	362,04	živice
176	753398,29	1039465,16	362,03	živice
177	753399,69	1039470,47	362,09	živice
178	753398,18	1039473,41	362,11	živice
179	753400,24	1039477,79	362,11	živice
180	753391,50	1039479,57	362,09	živice
181	753394,58	1039482,98	362,08	živice
182	753394,43	1039482,89	362,08	živice
183	753393,58	1039483,74	362,06	živice
184	753394,39	1039484,58	362,06	vpust
185	753395,69	1039486,56	362,14	živice
186	753395,02	1039486,48	362,12	živice
187	753388,93	1039487,68	362,08	živice
188	753388,90	1039488,15	362,06	živice
189	753388,80	1039488,57	362,08	vpust
190	753382,68	1039494,22	362,10	vpust
191	753378,03	1039498,17	362,13	živice
192	753381,55	1039498,82	362,18	živice
193	753334,51	1039538,12	362,42	živice
194	753334,59	1039533,09	362,43	živice
195	753333,72	1039530,03	362,45	živice
196	753332,06	1039527,67	362,47	živice
197	753333,77	1039523,12	362,42	živice
198	753324,51	1039513,06	362,53	živice
199	753321,32	1039515,97	362,62	živice
200	753311,14	1039498,46	362,59	živice
201	753308,96	1039502,41	362,68	živice
202	753305,05	1039496,30	362,61	živice
203	753301,92	1039488,84	362,44	živice
204	753302,19	1039488,67	362,45	živice
205	753388,63	1039526,42	362,73	živice
206	753316,42	1039550,26	362,64	živice
1141	753316,72	1039523,44	362,73	živice
1142	753309,95	1039514,74	362,57	živice